Date,Open,High,Low,Close,AdjClose,Volume 
01/01/2021,131.042496,139.992493,125.860001,129.897507,129.616776,615417200 
01/02/2021,130.532501,153.725006,129.027496,137.145004,136.848618,668032400 
01/03/2021,138.75,139.25,115.665001,133.482498,133.194031,764865600 
01/04/2021,135.722504,162.142502,135.112503,150.095001,149.822327,671879600 
01/05/2021,151.25,162.774994,134.589996,162.445007,162.149902,705438000 
01/06/2021,162.699997,201.625,159.032501,200.024994,199.661621,1027329200 
01/07/2021,201.25,208.75,178.654999,194.990005,194.680405,782307700 
01/08/2021,197,230.429993,187.619995,223.850006,223.494553,641638600 
01/09/2021,224.850006,229.860001,204.669998,207.160004,206.867538,499898600 
01/10/2021,207.5,257.089996,195.550003,255.669998,255.309052,497107800 
01/11/2021,256.48999,346.470001,252.270004,326.76001,326.298676,1081117000 
01/12/2021,332.190002,332.890015,271.450012,294.109985,293.694733,1105850500 
